1.000000000000000000e+02 1.300000000000000044e-01 1.823512985199664815e-01
2.790000000000000000e+02 1.362007168458781448e-01 1.704879482657260525e-01
4.580000000000000000e+02 1.550218340611353718e-01 1.753025131864722197e-01
6.370000000000000000e+02 1.789638932496075419e-01 2.013797634691195659e-01
8.160000000000000000e+02 1.862745098039215730e-01 1.808027923211169286e-01
9.950000000000000000e+02 1.849246231155778908e-01 1.757259865971705082e-01
1.174000000000000000e+03 1.737649063032367935e-01 2.058236936577582665e-01
1.353000000000000000e+03 1.796008869179600842e-01 1.872852233676975953e-01
1.532000000000000000e+03 2.069190600522193280e-01 1.782224290367612762e-01
1.711000000000000000e+03 1.823495032144944461e-01 1.913705583756345197e-01
1.890000000000000000e+03 1.920634920634920750e-01 1.909547738693467278e-01
2.069000000000000000e+03 1.918801353310778113e-01 1.991315136476426717e-01
2.248000000000000000e+03 1.943950177935943047e-01 1.870202372644801103e-01
2.427000000000000000e+03 1.920065925010300822e-01 1.866028708133971314e-01
2.606000000000000000e+03 1.730621642363776025e-01 1.916279069767441723e-01
2.785000000000000000e+03 1.910233393177737937e-01 1.785714285714285754e-01
2.964000000000000000e+03 1.784750337381916241e-01 1.813110181311018143e-01
3.143000000000000000e+03 1.877187400572701281e-01 2.063197026022304814e-01
3.322000000000000000e+03 1.839253461770018194e-01 1.866295264623955563e-01
3.501000000000000000e+03 1.796629534418737462e-01 1.944444444444444475e-01
