1.000000000000000000e+02 8.000000000000000167e-02 1.144931583356604277e-01
2.790000000000000000e+02 1.182795698924731242e-01 9.788359788359787816e-02
4.580000000000000000e+02 9.170305676855895760e-02 9.432206019236735739e-02
6.370000000000000000e+02 8.791208791208791895e-02 9.526938239159001010e-02
8.160000000000000000e+02 9.803921568627450844e-02 9.389179755671901717e-02
9.950000000000000000e+02 9.145728643216080589e-02 9.344750558451228595e-02
1.174000000000000000e+03 9.795570698466780912e-02 9.413641802951734638e-02
1.353000000000000000e+03 9.830007390983000470e-02 8.977663230240549852e-02
1.532000000000000000e+03 9.986945169712793668e-02 9.213587715216380036e-02
1.711000000000000000e+03 9.234365867913500725e-02 9.086294416243655137e-02
1.890000000000000000e+03 9.470899470899471484e-02 8.598548297040758959e-02
2.069000000000000000e+03 8.796520057999032693e-02 9.243176178660049425e-02
2.248000000000000000e+03 8.763345195729536907e-02 9.839497557571527664e-02
2.427000000000000000e+03 8.652657601977750690e-02 9.808612440191387394e-02
2.606000000000000000e+03 9.324635456638526165e-02 9.116279069767441179e-02
2.785000000000000000e+03 9.192100538599641546e-02 9.151785714285713691e-02
2.964000000000000000e+03 9.075573549257759387e-02 9.623430962343096362e-02
3.143000000000000000e+03 9.290486796054724106e-02 9.851301115241635487e-02
3.322000000000000000e+03 9.211318482841661381e-02 8.635097493036211769e-02
3.501000000000000000e+03 9.168808911739502465e-02 1.000000000000000056e-01
