1.000000000000000000e+02 5.999999999999999778e-02 1.555431443730801444e-01
2.790000000000000000e+02 4.301075268817204644e-02 1.131687242798353893e-01
4.580000000000000000e+02 5.240174672489082697e-02 9.463233012721067317e-02
6.370000000000000000e+02 4.866562009419152235e-02 9.198423127463863092e-02
8.160000000000000000e+02 6.004901960784313902e-02 8.237347294938918152e-02
9.950000000000000000e+02 6.432160804020101152e-02 7.669396872673120424e-02
1.174000000000000000e+03 5.110732538330493846e-02 7.738332668528120906e-02
1.353000000000000000e+03 4.582409460458240769e-02 7.903780068728522012e-02
1.532000000000000000e+03 5.744125326370757428e-02 6.979990693345741737e-02
1.711000000000000000e+03 4.792518994739917992e-02 7.208121827411168026e-02
1.890000000000000000e+03 5.291005291005290712e-02 6.756002233389167555e-02
2.069000000000000000e+03 4.978250362493958497e-02 7.320099255583126241e-02
2.248000000000000000e+03 5.249110320284697262e-02 6.769016050244243410e-02
2.427000000000000000e+03 5.315203955500617805e-02 7.177033492822966487e-02
2.606000000000000000e+03 4.796623177283192846e-02 6.325581395348836566e-02
2.785000000000000000e+03 5.457809694793536864e-02 6.026785714285714385e-02
2.964000000000000000e+03 4.892037786774628555e-02 7.531380753138075534e-02
3.143000000000000000e+03 5.027044225262487787e-02 6.133828996282528201e-02
3.322000000000000000e+03 4.966887417218542738e-02 5.849582172701949662e-02
3.501000000000000000e+03 4.855755498429020073e-02 7.777777777777777901e-02
